world: 5d877db8-f480-411d-b2fd-9ce371167fe8
world-name: world
x: -2335.693129337589
y: -24.0
z: 2690.9682407732166
yaw: -157.6412353515625
pitch: 21.000059127807617
name: ancient
lastowner: b747d908-cb42-3cf5-96c7-545f28903ac7
