world: 5d877db8-f480-411d-b2fd-9ce371167fe8
world-name: world
x: -1715.699999988079
y: -32.0
z: 1571.300000011921
yaw: -78.26492309570312
pitch: 23.850040435791016
name: ba
lastowner: b747d908-cb42-3cf5-96c7-545f28903ac7
