world: 39eb28e4-f770-496a-a9ca-8e21ca118903
world-name: world_nether
x: -511.69705785095067
y: 32.61058404693603
z: 1687.7383910198334
yaw: 77.9630126953125
pitch: 4.706201553344727
name: basatplains
lastowner: ae551870-f008-3f83-9060-23b04cfde762
