world: 5d877db8-f480-411d-b2fd-9ce371167fe8
world-name: world
x: -300.8597778841006
y: 104.0
z: 434.620089431158
yaw: 102.47262573242188
pitch: 9.784128189086914
name: Base
lastowner: ae551870-f008-3f83-9060-23b04cfde762
