world: 39eb28e4-f770-496a-a9ca-8e21ca118903
world-name: world_nether
x: 109.73060543813229
y: 61.0
z: 221.608639660945
yaw: -77.98284912109375
pitch: 51.14996337890625
name: blaze
lastowner: 1eccd9af-1ff1-3baf-a337-7a1d823ece6b
