world: 5d877db8-f480-411d-b2fd-9ce371167fe8
world-name: world
x: -1388.7651210328324
y: -18.0
z: 1635.1268080317707
yaw: -68.85107421875
pitch: 12.600011825561523
name: da
lastowner: b747d908-cb42-3cf5-96c7-545f28903ac7
