world: 39eb28e4-f770-496a-a9ca-8e21ca118903
world-name: world_nether
x: -159.40600317494045
y: 15.0
z: 111.40283353993989
yaw: 106.35047912597656
pitch: 5.849981307983398
name: debris
lastowner: b747d908-cb42-3cf5-96c7-545f28903ac7
