world: 5d877db8-f480-411d-b2fd-9ce371167fe8
world-name: world
x: -1545.7295729424798
y: -16.0
z: 1534.60451382071
yaw: -115.62005615234375
pitch: 9.665122032165527
name: Dextuhxdd
lastowner: ae551870-f008-3f83-9060-23b04cfde762
