world: 5d877db8-f480-411d-b2fd-9ce371167fe8
world-name: world
x: -187.56119035601046
y: 63.0
z: 246.60644541988736
yaw: -165.900146484375
pitch: 13.500020980834961
name: DONOTTREssPAss
lastowner: b747d908-cb42-3cf5-96c7-545f28903ac7
