world: 6f63ff75-17e9-48ce-8fd3-8e00ec879a60
world-name: world_the_end
x: 389.30000001192093
y: 74.0
z: 1340.300000011921
yaw: -38.66326904296875
pitch: 21.750019073486328
name: ENDCITY
lastowner: 1eccd9af-1ff1-3baf-a337-7a1d823ece6b
