world: 5d877db8-f480-411d-b2fd-9ce371167fe8
world-name: world
x: -273.33804884803243
y: 106.0
z: 516.5020250246353
yaw: 178.050537109375
pitch: 17.100065231323242
name: FarmV1
lastowner: 1eccd9af-1ff1-3baf-a337-7a1d823ece6b
