world: 5d877db8-f480-411d-b2fd-9ce371167fe8
world-name: world
x: -247.7535103223648
y: 111.0
z: 491.6621063415142
yaw: 68.99955749511719
pitch: 19.94996452331543
name: home
lastowner: 1eccd9af-1ff1-3baf-a337-7a1d823ece6b
