world: 5d877db8-f480-411d-b2fd-9ce371167fe8
world-name: world
x: -478.5347670740914
y: 76.0
z: 544.1543598429711
yaw: -115.35031127929688
pitch: 32.85002899169922
name: horse
lastowner: 1eccd9af-1ff1-3baf-a337-7a1d823ece6b
