world: 5d877db8-f480-411d-b2fd-9ce371167fe8
world-name: world
x: -579.4566993293902
y: 63.0
z: 569.6471772885197
yaw: 92.8447265625
pitch: 31.500106811523438
name: house
lastowner: b747d908-cb42-3cf5-96c7-545f28903ac7
