world: 5d877db8-f480-411d-b2fd-9ce371167fe8
world-name: world
x: 62.34885636167497
y: 20.0625
z: -144.07064725875333
yaw: 32.24324417114258
pitch: 11.399994850158691
name: lushcaves
lastowner: 1eccd9af-1ff1-3baf-a337-7a1d823ece6b
