world: 5d877db8-f480-411d-b2fd-9ce371167fe8
world-name: world
x: -203.72028132076034
y: 66.0
z: 173.5284778778516
yaw: -90.45288848876953
pitch: 14.700063705444336
name: MaChest
lastowner: 1eccd9af-1ff1-3baf-a337-7a1d823ece6b
