world: 5d877db8-f480-411d-b2fd-9ce371167fe8
world-name: world
x: -2352.4250169732763
y: 114.875
z: 2789.3966048584343
yaw: 94.21266174316406
pitch: 88.6500015258789
name: mending
lastowner: b747d908-cb42-3cf5-96c7-545f28903ac7
