world: 5d877db8-f480-411d-b2fd-9ce371167fe8
world-name: world
x: -1923.6802946030753
y: 86.0
z: 2516.637842802721
yaw: -70.33193969726562
pitch: 26.24989891052246
name: mesa
lastowner: b747d908-cb42-3cf5-96c7-545f28903ac7
