world: 5d877db8-f480-411d-b2fd-9ce371167fe8
world-name: world
x: -360.3228
y: 163.0
z: 647.59827
yaw: -153.51829528808594
pitch: 14.28338623046875
name: mod
lastowner: 14606e78-8203-3b64-9d87-2d785a570f87
