world: 5d877db8-f480-411d-b2fd-9ce371167fe8
world-name: world
x: -623.117183521589
y: 65.0
z: 1278.7330152346196
yaw: 81.52413177490234
pitch: 34.800045013427734
name: mushroom
lastowner: 1eccd9af-1ff1-3baf-a337-7a1d823ece6b
