world: 39eb28e4-f770-496a-a9ca-8e21ca118903
world-name: world_nether
x: -252.56369107976033
y: 95.0
z: 301.30000001192093
yaw: 151.7955322265625
pitch: 20.399995803833008
name: neth3
lastowner: b747d908-cb42-3cf5-96c7-545f28903ac7
