world: 39eb28e4-f770-496a-a9ca-8e21ca118903
world-name: world_nether
x: -151.3061156708863
y: 50.0
z: 173.56161734250864
yaw: 125.69953155517578
pitch: 28.800121307373047
name: neth
lastowner: b747d908-cb42-3cf5-96c7-545f28903ac7
