world: 39eb28e4-f770-496a-a9ca-8e21ca118903
world-name: world_nether
x: -161.5801422388474
y: 67.0
z: 341.48687444512836
yaw: -175.0498046875
pitch: 28.64992904663086
name: neth2
lastowner: b747d908-cb42-3cf5-96c7-545f28903ac7
