world: 5d877db8-f480-411d-b2fd-9ce371167fe8
world-name: world
x: 2990.8659343576287
y: 95.0
z: 285.2055618330435
yaw: -18.343963623046875
pitch: 4.458153247833252
name: palegarden
lastowner: ae551870-f008-3f83-9060-23b04cfde762
