world: 5d877db8-f480-411d-b2fd-9ce371167fe8
world-name: world
x: -610.6999999880791
y: 8.603763654696795
z: 1312.300000011921
yaw: 119.17449951171875
pitch: 29.850017547607422
name: portal
lastowner: 1eccd9af-1ff1-3baf-a337-7a1d823ece6b
