world: 5d877db8-f480-411d-b2fd-9ce371167fe8
world-name: world
x: -1955.9964712343738
y: 63.0
z: 2448.690768991975
yaw: 118.51068115234375
pitch: 24.44962501525879
name: sand
lastowner: b747d908-cb42-3cf5-96c7-545f28903ac7
