world: 5d877db8-f480-411d-b2fd-9ce371167fe8
world-name: world
x: -216.57604364163586
y: 64.0
z: 1700.4063795789336
yaw: -93.50238800048828
pitch: 53.79972839355469
name: SickRuins
lastowner: ae551870-f008-3f83-9060-23b04cfde762
