world: 5d877db8-f480-411d-b2fd-9ce371167fe8
world-name: world
x: -221.46666018084525
y: 62.523264312744146
z: 1708.275618836098
yaw: -86.64008331298828
pitch: 23.302236557006836
name: Sick
lastowner: ae551870-f008-3f83-9060-23b04cfde762
