world: 5d877db8-f480-411d-b2fd-9ce371167fe8
world-name: world
x: -29.117301164756917
y: -45.0
z: -70.60467293957342
yaw: 74.6473388671875
pitch: 13.252410888671875
name: SpiderSpawner
lastowner: ae551870-f008-3f83-9060-23b04cfde762
