world: 5d877db8-f480-411d-b2fd-9ce371167fe8
world-name: world
x: -412.6488790594858
y: -21.0
z: 332.26371069687747
yaw: 86.868896484375
pitch: 18.2999324798584
name: trailc
lastowner: 1eccd9af-1ff1-3baf-a337-7a1d823ece6b
