world: 5d877db8-f480-411d-b2fd-9ce371167fe8
world-name: world
x: -379.5458933705128
y: -42.0
z: 434.13118781766866
yaw: 177.6768798828125
pitch: 12.149863243103027
name: TurboFisto727
lastowner: b747d908-cb42-3cf5-96c7-545f28903ac7
