world: 5d877db8-f480-411d-b2fd-9ce371167fe8
world-name: world
x: -2348.108302713111
y: 111.0
z: 2793.178199839901
yaw: 68.1116943359375
pitch: 14.69962215423584
name: v2
lastowner: b747d908-cb42-3cf5-96c7-545f28903ac7
