world: 5d877db8-f480-411d-b2fd-9ce371167fe8
world-name: world
x: -2290.300000011921
y: -46.0
z: 2651.699999988079
yaw: -90.15123748779297
pitch: 23.849950790405273
name: warden
lastowner: b747d908-cb42-3cf5-96c7-545f28903ac7
