world: 5d877db8-f480-411d-b2fd-9ce371167fe8
world-name: world
x: -2308.696166243787
y: -53.0
z: 2651.368019951854
yaw: -7.494140625
pitch: 25.200157165527344
name: wardenv2
lastowner: b747d908-cb42-3cf5-96c7-545f28903ac7
