world: 5d877db8-f480-411d-b2fd-9ce371167fe8
world-name: world
x: -2330.300000011921
y: -37.0
z: 2625.202281325391
yaw: -19.03969383239746
pitch: 12.64050006866455
name: xp
lastowner: ae551870-f008-3f83-9060-23b04cfde762
